1.000000 -53.714003 3.429509 0.060534
1.001000 -53.714003 3.429509 0.060534
1.002000 -53.714003 3.429509 0.060534
1.002000 -53.714003 3.429509 0.060534
1.003000 -53.714003 3.429509 0.060534
1.003000 -53.714003 3.429509 0.060534
1.004000 -53.714003 3.429509 0.060534
1.005000 -53.714003 3.429509 0.060534
1.006000 -53.714003 3.429509 0.060534
1.007000 -53.714003 3.429509 0.060534
1.008000 -53.714003 3.429509 0.060534
1.008000 -53.714003 3.429509 0.060534
1.009000 -53.714003 3.429509 0.060534
1.010000 -53.714003 3.429509 0.060534
1.011000 -53.714003 3.429509 0.060534
1.012000 -53.714003 3.429509 0.060534
1.013000 -53.714003 3.429509 0.060534
1.013000 -53.714003 3.429509 0.060534
1.014000 -53.714003 3.429509 0.060534
1.015000 -53.714003 3.429509 0.060534
1.016000 -53.714003 3.429509 0.060534
1.017000 -53.714003 3.429509 0.060534
1.018000 -53.714003 3.429509 0.060534
1.019000 -53.714003 3.429509 0.060534
1.019000 -53.714003 3.429509 0.060534
1.020000 -53.714003 3.429509 0.060534
1.021000 -53.714003 3.429509 0.060534
1.022000 -53.714003 3.429509 0.060534
1.023000 -53.714003 3.429509 0.060534
1.024000 -53.714003 3.429509 0.060534
1.024000 -53.714003 3.429509 0.060534
1.025000 -53.714003 3.429509 0.060534
1.025000 -53.714003 3.429509 0.060534
1.026000 -53.714003 3.429509 0.060534
1.027000 -53.714003 3.429509 0.060534
1.028000 -53.714003 3.429509 0.060534
1.029000 -53.714003 3.429509 0.060534
1.030000 -53.714003 3.429509 0.060534
1.030000 -53.714003 3.429509 0.060534
1.031000 -53.714003 3.429509 0.060534
1.031000 -53.714003 3.429509 0.060534
1.032000 -53.714003 3.429509 0.060534
1.032000 -53.714003 3.429509 0.060534
1.033000 -53.714003 3.429509 0.060534
1.034000 -53.714003 3.429509 0.060534
1.035000 -53.714003 3.429509 0.060534
1.036000 -53.714003 3.429509 0.060534
1.037000 -53.714003 3.429509 0.060534
1.037000 -53.714003 3.429509 0.060534
1.038000 -53.714003 3.429509 0.060534
1.039000 -53.714003 3.429509 0.060534
1.040000 -53.714003 3.429509 0.060534
1.041000 -53.714003 3.429509 0.060534
1.042000 -53.714003 3.429509 0.060534
1.043000 -53.714003 3.429509 0.060534
1.043000 -53.714003 3.429509 0.060534
1.044000 -53.714003 3.429509 0.060534
1.045000 -53.714003 3.429509 0.060534
1.046000 -53.714003 3.429509 0.060534
1.047000 -53.714003 3.429509 0.060534
1.048000 -53.714003 3.429509 0.060534
1.048000 -53.714003 3.429509 0.060534
1.049000 -53.714003 3.429509 0.060534
1.049000 -53.714003 3.429509 0.060534
1.050000 -53.714003 3.429509 0.060534
1.051000 -53.714003 3.429509 0.060534
1.052000 -53.714003 3.429509 0.060534
1.053000 -53.714003 3.429509 0.060534
1.054000 -53.714003 3.429509 0.060534
1.054000 -53.714003 3.429509 0.060534
1.055000 -53.714003 3.429509 0.060534
1.055000 -53.714003 3.429509 0.060534
1.056000 -53.714003 3.429509 0.060534
1.057000 -53.714003 3.429509 0.060534
1.058000 -53.714003 3.429509 0.060534
1.059000 -53.714003 3.429509 0.060534
1.060000 -53.714003 3.429509 0.060534
1.060000 -53.714003 3.429509 0.060534
1.061000 -53.714003 3.429509 0.060534
1.062000 -53.714003 3.429509 0.060534
1.063000 -53.714003 3.429509 0.060534
1.064000 -53.714003 3.429509 0.060534
1.065000 -53.714003 3.429509 0.060534
1.066000 -53.714003 3.429509 0.060534
1.066000 -53.714003 3.429509 0.060534
1.067000 -53.714003 3.429509 0.060534
1.068000 -53.714003 3.429509 0.060534
1.069000 -53.714003 3.429509 0.060534
1.070000 -53.714003 3.429509 0.060534
1.071000 -53.714003 3.429509 0.060534
1.071000 -53.714003 3.429509 0.060534
1.072000 -53.714003 3.429509 0.060534
1.072000 -53.714003 3.429509 0.060534
1.073000 -53.714003 3.429509 0.060534
1.074000 -53.714003 3.429509 0.060534
1.075000 -53.714003 3.429509 0.060534
1.076000 -53.714003 3.429509 0.060534
1.077000 -53.714003 3.429509 0.060534
1.077000 -53.714003 3.429509 0.060534
1.078000 -53.714003 3.429509 0.060534
1.079000 -53.714003 3.429509 0.060534
1.080000 -53.714003 3.429509 0.060534
1.081000 -53.714003 3.429509 0.060534
1.082000 -53.714003 3.429509 0.060534
1.083000 -53.714003 3.429509 0.060534
1.083000 -53.714003 3.429509 0.060534
1.084000 -53.714003 3.429509 0.060534
1.085000 -53.714003 3.429509 0.060534
1.086000 -53.714003 3.429509 0.060534
1.087000 -53.714003 3.429509 0.060534
1.088000 -53.714003 3.429509 0.060534
1.088000 -53.714003 3.429509 0.060534
1.089000 -53.714003 3.429509 0.060534
1.090000 -53.714003 3.429509 0.060534
1.091000 -53.714003 3.429509 0.060534
1.092000 -53.714003 3.429509 0.060534
1.093000 -53.714003 3.429509 0.060534
1.094000 -53.714003 3.429509 0.060534
1.094000 -53.714003 3.429509 0.060534
1.095000 -53.714003 3.429509 0.060534
1.095000 -53.714003 3.429509 0.060534
1.096000 -53.714003 3.429509 0.060534
1.097000 -53.714003 3.429509 0.060534
1.098000 -53.714003 3.429509 0.060534
1.099000 -53.714003 3.429509 0.060534
1.100000 -53.714003 3.429509 0.060534
1.101000 -53.714003 3.429509 0.060534
1.102000 -53.714003 3.429509 0.060534
1.103000 -53.714003 3.429509 0.060534
1.104000 -53.714003 3.429509 0.060534
1.105000 -53.714003 3.429509 0.060534
1.106000 -53.714003 3.429509 0.060534
1.106000 -53.714003 3.429509 0.060534
1.107000 -53.714003 3.429509 0.060534
1.108000 -53.714003 3.429509 0.060534
1.109000 -53.714003 3.429509 0.060534
1.110000 -53.714003 3.429509 0.060534
1.111000 -53.714003 3.429509 0.060534
1.112000 -53.714003 3.429509 0.060534
1.112000 -53.714003 3.429509 0.060534
1.113000 -53.714003 3.429509 0.060534
1.114000 -53.714003 3.429509 0.060534
1.115000 -53.714003 3.429509 0.060534
1.116000 -53.714003 3.429509 0.060534
1.117000 -53.714003 3.429509 0.060534
1.117000 -53.714003 3.429509 0.060534
1.118000 -53.714003 3.429509 0.060534
1.118000 -53.714003 3.429509 0.060534
1.119000 -53.714003 3.429509 0.060534
1.120000 -53.714003 3.429509 0.060534
1.121000 -53.714003 3.429509 0.060534
1.122000 -53.714003 3.429509 0.060534
1.123000 -53.714003 3.429509 0.060534
1.123000 -53.714003 3.429509 0.060534
1.124000 -53.714003 3.429509 0.060534
1.125000 -53.714003 3.429509 0.060534
1.126000 -53.714003 3.429509 0.060534
1.127000 -53.714003 3.429509 0.060534
1.128000 -53.714003 3.429509 0.060534
1.129000 -53.714003 3.429509 0.060534
1.129000 -53.714003 3.429509 0.060534
1.130000 -53.714003 3.429509 0.060534
1.131000 -53.714003 3.429509 0.060534
1.132000 -53.714003 3.429509 0.060534
1.133000 -53.714003 3.429509 0.060534
1.134000 -53.714003 3.429509 0.060534
1.134000 -53.714003 3.429509 0.060534
1.135000 -53.714003 3.429509 0.060534
1.135000 -53.714003 3.429509 0.060534
1.136000 -53.714003 3.429509 0.060534
1.137000 -53.714003 3.429509 0.060534
1.138000 -53.714003 3.429509 0.060534
1.139000 -53.714003 3.429509 0.060534
1.140000 -53.714003 3.429509 0.060534
1.140000 -53.714003 3.429509 0.060534
1.141000 -53.714003 3.429509 0.060534
1.141000 -53.714003 3.429509 0.060534
1.142000 -53.714003 3.429509 0.060534
1.143000 -53.714003 3.429509 0.060534
1.144000 -53.714003 3.429509 0.060534
1.145000 -53.714003 3.429509 0.060534
1.146000 -53.714003 3.429509 0.060534
1.146000 -53.714003 3.429509 0.060534
1.147000 -53.714003 3.429509 0.060534
1.148000 -53.714003 3.429509 0.060534
1.149000 -53.714003 3.429509 0.060534
1.150000 -53.714003 3.429509 0.060534
1.151000 -53.714003 3.429509 0.060534
1.152000 -53.714003 3.429509 0.060534
1.152000 -53.714003 3.429509 0.060534
1.153000 -53.714003 3.429509 0.060534
1.154000 -53.714003 3.429509 0.060534
1.155000 -53.714003 3.429509 0.060534
1.156000 -53.714003 3.429509 0.060534
1.157000 -53.714003 3.429509 0.060534
1.157000 -53.714003 3.429509 0.060534
1.158000 -53.714003 3.429509 0.060534
1.158000 -53.714003 3.429509 0.060534
1.159000 -53.714003 3.429509 0.060534
1.160000 -53.714003 3.429509 0.060534
1.161000 -53.714003 3.429509 0.060534
1.162000 -53.714003 3.429509 0.060534
1.163000 -53.714003 3.429509 0.060534
1.163000 -53.714003 3.429509 0.060534
1.164000 -53.714003 3.429509 0.060534
1.165000 -53.714003 3.429509 0.060534
1.166000 -53.714003 3.429509 0.060534
1.167000 -53.714003 3.429509 0.060534
1.167000 -53.714003 3.429509 0.060534
1.168000 -53.714003 3.429509 0.060534
1.168000 -53.714003 3.429509 0.060534
1.169000 -53.714003 3.429509 0.060534
1.170000 -53.714003 3.429509 0.060534
1.171000 -53.714003 3.429509 0.060534
1.172000 -53.714003 3.429509 0.060534
1.173000 -53.714003 3.429509 0.060534
1.174000 -53.714003 3.429509 0.060534
1.174000 -53.714003 3.429509 0.060534
1.175000 -53.714003 3.429509 0.060534
1.176000 -53.714003 3.429509 0.060534
1.177000 -53.714003 3.429509 0.060534
1.178000 -53.714003 3.429509 0.060534
1.179000 -53.714003 3.429509 0.060534
1.179000 -53.714003 3.429509 0.060534
1.180000 -53.714003 3.429509 0.060534
1.180000 -53.714003 3.429509 0.060534
1.181000 -53.714003 3.429509 0.060534
1.182000 -53.714003 3.429509 0.060534
1.183000 -53.714003 3.429509 0.060534
1.184000 -53.714003 3.429509 0.060534
1.185000 -53.714003 3.429509 0.060534
1.185000 -53.714003 3.429509 0.060534
1.186000 -53.714003 3.429509 0.060534
1.187000 -53.714003 3.429509 0.060534
1.188000 -53.714003 3.429509 0.060534
1.189000 -53.714003 3.429509 0.060534
1.190000 -53.714003 3.429509 0.060534
1.191000 -53.714003 3.429509 0.060534
1.191000 -53.714003 3.429509 0.060534
1.192000 -53.714003 3.429509 0.060534
1.192000 -53.714003 3.429509 0.060534
1.193000 -53.714003 3.429509 0.060534
1.193000 -53.714003 3.429509 0.060534
1.194000 -53.714003 3.429509 0.060534
1.195000 -53.714003 3.429509 0.060534
1.196000 -53.714003 3.429509 0.060534
1.197000 -53.714003 3.429509 0.060534
1.198000 -53.714003 3.429509 0.060534
1.199000 -53.714003 3.429509 0.060534
1.199000 -53.714003 3.429509 0.060534
1.200000 -53.714003 3.429509 0.060534
1.201000 -53.714003 3.429509 0.060534
1.202000 -53.714003 3.429509 0.060534
1.203000 -53.714003 3.429509 0.060534
1.204000 -53.714003 3.429509 0.060534
1.205000 -53.714003 3.429509 0.060534
1.205000 -53.714003 3.429509 0.060534
1.206000 -53.714003 3.429509 0.060534
1.207000 -53.714003 3.429509 0.060534
1.208000 -53.714003 3.429509 0.060534
1.209000 -53.714003 3.429509 0.060534
1.210000 -53.714003 3.429509 0.060534
1.210000 -53.714003 3.429509 0.060534
1.211000 -53.714003 3.429509 0.060534
1.211000 -53.714003 3.429509 0.060534
1.212000 -53.714003 3.429509 0.060534
1.213000 -53.714003 3.429509 0.060534
1.214000 -53.714003 3.429509 0.060534
1.215000 -53.714003 3.429509 0.060534
1.216000 -53.714003 3.429509 0.060534
1.217000 -53.714003 3.429509 0.060534
1.217000 -53.714003 3.429509 0.060534
1.218000 -53.714003 3.429509 0.060534
1.218000 -53.714003 3.429509 0.060534
1.219000 -53.714003 3.429509 0.060534
1.220000 -53.714003 3.429509 0.060534
1.221000 -53.714003 3.429509 0.060534
1.222000 -53.714003 3.429509 0.060534
1.223000 -53.714003 3.429509 0.060534
1.224000 -53.714003 3.429509 0.060534
1.225000 -53.714003 3.429509 0.060534
1.225000 -53.714003 3.429509 0.060534
1.226000 -53.714003 3.429509 0.060534
1.227000 -53.714003 3.429509 0.060534
1.228000 -53.714003 3.429509 0.060534
1.229000 -53.714003 3.429509 0.060534
1.230000 -53.714003 3.429509 0.060534
1.231000 -53.714003 3.429509 0.060534
1.232000 -53.714003 3.429509 0.060534
1.232000 -53.714003 3.429509 0.060534
1.233000 -53.714003 3.429509 0.060534
1.234000 -53.714003 3.429509 0.060534
1.235000 -53.714003 3.429509 0.060534
1.236000 -53.714003 3.429509 0.060534
1.237000 -53.714003 3.429509 0.060534
1.238000 -53.714003 3.429509 0.060534
1.239000 -53.714003 3.429509 0.060534
1.239000 -53.714003 3.429509 0.060534
1.240000 -53.714003 3.429509 0.060534
1.240000 -53.714003 3.429509 0.060534
1.241000 -53.714003 3.429509 0.060534
1.241000 -53.714003 3.429509 0.060534
1.242000 -53.714003 3.429509 0.060534
1.243000 -53.714003 3.429509 0.060534
1.244000 -53.714003 3.429509 0.060534
1.245000 -53.714003 3.429509 0.060534
1.246000 -53.714003 3.429509 0.060534
1.247000 -53.714003 3.429509 0.060534
1.247000 -53.714003 3.429509 0.060534
1.248000 -53.714003 3.429509 0.060534
1.248000 -53.714003 3.429509 0.060534
1.249000 -53.714003 3.429509 0.060534
1.250000 -53.714003 3.429509 0.060534
1.251000 -53.714003 3.429509 0.060534
1.252000 -53.714003 3.429509 0.060534
1.253000 -53.714003 3.429509 0.060534
1.254000 -53.714003 3.429509 0.060534
1.255000 -53.714003 3.429509 0.060534
1.255000 -53.714003 3.429509 0.060534
1.256000 -53.714003 3.429509 0.060534
1.256000 -53.714003 3.429509 0.060534
1.257000 -53.714003 3.429509 0.060534
1.258000 -53.714003 3.429509 0.060534
1.259000 -53.714003 3.429509 0.060534
1.260000 -53.714003 3.429509 0.060534
1.261000 -53.714003 3.429509 0.060534
1.262000 -53.714003 3.429509 0.060534
1.263000 -53.714003 3.429509 0.060534
1.264000 -53.714003 3.429509 0.060534
1.264000 -53.714003 3.429509 0.060534
1.265000 -53.714003 3.429509 0.060534
1.265000 -53.714003 3.429509 0.060534
1.266000 -53.714003 3.429509 0.060534
1.267000 -53.714003 3.429509 0.060534
1.268000 -53.714003 3.429509 0.060534
1.269000 -53.714003 3.429509 0.060534
1.270000 -53.714003 3.429509 0.060534
1.271000 -53.714003 3.429509 0.060534
1.272000 -53.714003 3.429509 0.060534
1.272000 -53.714003 3.429509 0.060534
1.273000 -53.714003 3.429509 0.060534
1.273000 -53.714003 3.429509 0.060534
1.274000 -53.714003 3.429509 0.060534
1.275000 -53.714003 3.429509 0.060534
1.275000 -53.714003 3.429509 0.060534
1.276000 -53.714003 3.429509 0.060534
1.277000 -53.714003 3.429509 0.060534
1.278000 -53.714003 3.429509 0.060534
1.278000 -53.714003 3.429509 0.060534
1.279000 -53.714003 3.429509 0.060534
1.279000 -53.714003 3.429509 0.060534
1.280000 -53.714003 3.429509 0.060534
1.280000 -53.714003 3.429509 0.060534
1.281000 -53.714003 3.429509 0.060534
1.281000 -53.714003 3.429509 0.060534
1.282000 -53.714003 3.429509 0.060534
1.283000 -53.714003 3.429509 0.060534
1.284000 -53.714003 3.429509 0.060534
1.285000 -53.714003 3.429509 0.060534
1.286000 -53.714003 3.429509 0.060534
1.287000 -53.714003 3.429509 0.060534
1.288000 -53.714003 3.429509 0.060534
1.289000 -53.714003 3.429509 0.060534
1.290000 -53.714003 3.429509 0.060534
1.291000 -53.714003 3.429509 0.060534
1.291000 -53.714003 3.429509 0.060534
1.292000 -53.714003 3.429509 0.060534
1.293000 -53.714003 3.429509 0.060534
1.294000 -53.714003 3.429509 0.060534
1.295000 -53.714003 3.429509 0.060534
1.296000 -53.714003 3.429509 0.060534
1.296000 -53.714003 3.429509 0.060534
1.297000 -53.714003 3.429509 0.060534
1.298000 -53.714003 3.429509 0.060534
1.299000 -53.714003 3.429509 0.060534
1.300000 -53.714003 3.429509 0.060534
1.301000 -53.714003 3.429509 0.060534
1.302000 -53.714003 3.429509 0.060534
1.302000 -53.714003 3.429509 0.060534
1.303000 -53.714003 3.429509 0.060534
1.303000 -53.714003 3.429509 0.060534
1.304000 -53.714003 3.429509 0.060534
1.305000 -53.714003 3.429509 0.060534
1.306000 -53.714003 3.429509 0.060534
1.306000 -53.714003 3.429509 0.060534
1.307000 -53.714003 3.429509 0.060534
1.308000 -53.714003 3.429509 0.060534
1.309000 -53.714003 3.429509 0.060534
1.310000 -53.714003 3.429509 0.060534
1.311000 -53.714003 3.429509 0.060534
1.312000 -53.714003 3.429509 0.060534
1.312000 -53.714003 3.429509 0.060534
1.313000 -53.714003 3.429509 0.060534
1.314000 -53.714003 3.429509 0.060534
1.315000 -53.714003 3.429509 0.060534
1.316000 -53.714003 3.429509 0.060534
1.317000 -53.714003 3.429509 0.060534
1.317000 -53.714003 3.429509 0.060534
1.318000 -53.714003 3.429509 0.060534
1.318000 -53.714003 3.429509 0.060534
1.319000 -53.714003 3.429509 0.060534
1.320000 -53.714003 3.429509 0.060534
1.321000 -53.714003 3.429509 0.060534
1.322000 -53.714003 3.429509 0.060534
1.323000 -53.714003 3.429509 0.060534
1.324000 -53.714003 3.429509 0.060534
1.324000 -53.714003 3.429509 0.060534
1.325000 -53.714003 3.429509 0.060534
1.325000 -53.714003 3.429509 0.060534
1.326000 -53.714003 3.429509 0.060534
1.327000 -53.714003 3.429509 0.060534
1.328000 -53.714003 3.429509 0.060534
1.329000 -53.714003 3.429509 0.060534
1.330000 -53.714003 3.429509 0.060534
1.330000 -53.714003 3.429509 0.060534
1.331000 -53.714003 3.429509 0.060534
1.331000 -53.714003 3.429509 0.060534
1.332000 -53.714003 3.429509 0.060534
1.333000 -53.714003 3.429509 0.060534
1.334000 -53.714003 3.429509 0.060534
1.335000 -53.714003 3.429509 0.060534
1.336000 -53.714003 3.429509 0.060534
1.336000 -53.714003 3.429509 0.060534
1.337000 -53.714003 3.429509 0.060534
1.338000 -53.714003 3.429509 0.060534
1.339000 -53.714003 3.429509 0.060534
1.340000 -53.714003 3.429509 0.060534
1.341000 -53.714003 3.429509 0.060534
1.342000 -53.714003 3.429509 0.060534
1.342000 -53.714003 3.429509 0.060534
1.343000 -53.714003 3.429509 0.060534
1.344000 -53.714003 3.429509 0.060534
1.345000 -53.714003 3.429509 0.060534
1.346000 -53.714003 3.429509 0.060534
1.347000 -53.714003 3.429509 0.060534
1.347000 -53.714003 3.429509 0.060534
1.348000 -53.714003 3.429509 0.060534
1.348000 -53.714003 3.429509 0.060534
1.349000 -53.714003 3.429509 0.060534
1.350000 -53.714003 3.429509 0.060534
1.351000 -53.714003 3.429509 0.060534
1.352000 -53.714003 3.429509 0.060534
1.353000 -53.714003 3.429509 0.060534
1.353000 -53.714003 3.429509 0.060534
1.354000 -53.714003 3.429509 0.060534
1.355000 -53.714003 3.429509 0.060534
1.356000 -53.714003 3.429509 0.060534
1.357000 -53.714003 3.429509 0.060534
1.358000 -53.714003 3.429509 0.060534
1.359000 -53.714003 3.429509 0.060534
1.360000 -53.714003 3.429509 0.060534
1.361000 -53.714003 3.429509 0.060534
1.362000 -53.714003 3.429509 0.060534
1.362000 -53.714003 3.429509 0.060534
1.363000 -53.714003 3.429509 0.060534
1.364000 -53.714003 3.429509 0.060534
1.365000 -53.714003 3.429509 0.060534
1.366000 -53.714003 3.429509 0.060534
1.367000 -53.714003 3.429509 0.060534
1.367000 -53.714003 3.429509 0.060534
1.368000 -53.714003 3.429509 0.060534
1.369000 -53.714003 3.429509 0.060534
1.370000 -53.714003 3.429509 0.060534
1.371000 -53.714003 3.429509 0.060534
1.372000 -53.714003 3.429509 0.060534
1.372000 -53.714003 3.429509 0.060534
1.373000 -53.714003 3.429509 0.060534
1.374000 -53.714003 3.429509 0.060534
1.375000 -53.714003 3.429509 0.060534
1.376000 -53.714003 3.429509 0.060534
1.377000 -53.714003 3.429509 0.060534
1.377000 -53.714003 3.429509 0.060534
1.378000 -53.714003 3.429509 0.060534
1.379000 -53.714003 3.429509 0.060534
1.380000 -53.714003 3.429509 0.060534
1.381000 -53.714003 3.429509 0.060534
1.381000 -53.714003 3.429509 0.060534
1.382000 -53.714003 3.429509 0.060534
1.382000 -53.714003 3.429509 0.060534
1.383000 -53.714003 3.429509 0.060534
1.384000 -53.714003 3.429509 0.060534
1.385000 -53.714003 3.429509 0.060534
1.386000 -53.714003 3.429509 0.060534
1.386000 -53.714003 3.429509 0.060534
1.387000 -53.714003 3.429509 0.060534
1.387000 -53.714003 3.429509 0.060534
1.388000 -53.714003 3.429509 0.060534
1.389000 -53.714003 3.429509 0.060534
1.390000 -53.714003 3.429509 0.060534
1.391000 -53.714003 3.429509 0.060534
1.392000 -53.714003 3.429509 0.060534
1.392000 -53.714003 3.429509 0.060534
1.393000 -53.714003 3.429509 0.060534
1.394000 -53.714003 3.429509 0.060534
1.395000 -53.714003 3.429509 0.060534
1.396000 -53.714003 3.429509 0.060534
1.397000 -53.714003 3.429509 0.060534
1.398000 -53.714003 3.429509 0.060534
1.398000 -53.714003 3.429509 0.060534
1.399000 -53.714003 3.429509 0.060534
1.399000 -53.714003 3.429509 0.060534
1.400000 -53.714003 3.429509 0.060534
1.401000 -53.714003 3.429509 0.060534
1.402000 -53.714003 3.429509 0.060534
1.403000 -53.714003 3.429509 0.060534
1.404000 -53.714003 3.429509 0.060534
1.405000 -53.714003 3.429509 0.060534
1.406000 -53.714003 3.429509 0.060534
1.406000 -53.714003 3.429509 0.060534
1.407000 -53.714003 3.429509 0.060534
1.408000 -53.714003 3.429509 0.060534
1.409000 -53.714003 3.429509 0.060534
1.410000 -53.714003 3.429509 0.060534
1.411000 -53.714003 3.429509 0.060534
1.412000 -53.714003 3.429509 0.060534
1.413000 -53.714003 3.429509 0.060534
1.413000 -53.714003 3.429509 0.060534
1.414000 -53.714003 3.429509 0.060534
1.414000 -53.714003 3.429509 0.060534
1.415000 -53.714003 3.429509 0.060534
1.415000 -53.714003 3.429509 0.060534
1.416000 -53.714003 3.429509 0.060534
1.417000 -53.714003 3.429509 0.060534
1.418000 -53.714003 3.429509 0.060534
1.419000 -53.714003 3.429509 0.060534
1.420000 -53.714003 3.429509 0.060534
1.421000 -53.714003 3.429509 0.060534
1.422000 -53.714003 3.429509 0.060534
1.423000 -53.714003 3.429509 0.060534
1.423000 -53.714003 3.429509 0.060534
1.424000 -53.714003 3.429509 0.060534
1.424000 -53.714003 3.429509 0.060534
1.425000 -53.714003 3.429509 0.060534
1.425000 -53.714003 3.429509 0.060534
1.426000 -53.714003 3.429509 0.060534
1.427000 -53.714003 3.429509 0.060534
1.428000 -53.714003 3.429509 0.060534
1.429000 -53.714003 3.429509 0.060534
1.430000 -53.714003 3.429509 0.06053